minPlayers: 2
maxPlayers: 16
items: []
spawnpoints: [3.000000 2.000000 1.000000 0.000000, 6.000000 2.000000 1.000000 0.000000, 5.000000 7.000000 1.000000 0.000000]
width: 10
height: 10
grid: [[2, 2, 2, 2, 2, 2, 2, 2, 2, 2], [2, 0, 0, 0, 0, 0, 0, 0, 0, 2], [2, 0, 0, 0, 0, 0, 0, 0, 0, 2], [2, 0, 0, 0, 0, 0, 0, 0, 0, 2], [2, 0, 0, 0, 0, 0, 0, 0, 0, 2], [2, 0, 0, 0, 0, 0, 0, 0, 0, 2], [2, 0, 0, 0, 0, 0, 0, 0, 0, 2], [2, 0, 0, 0, 0, 0, 0, 0, 0, 2], [2, 0, 0, 0, 0, 0, 0, 0, 0, 2], [2, 2, 2, 2, 2, 2, 2, 2, 2, 2]]